117
151796 -522708
389726 589311
-827620 811145
-910347 -853801
-543613 901957
-354960 785391
-264184 -233057
-77877 -823275
-200018 -987056
215974 -861794
-572707 77744
-753926 250722
87243 725981
994883 -253329
185352 721172
-85489 727600
965841 761802
-923477 -791974
-62517 81313
-139739 266973
589727 92444
-382368 -585660
711311 -34119
117393 712044
464678 366699
201751 758753
-125856 -867600
221612 -420073
440005 -729144
-31581 -272109
79382 810826
637635 871058
728464 650942
978544 -269889
-718754 -307291
-527144 32327
944975 -635113
-374264 15433
457884 386301
857052 -674041
270897 -666570
637108 -555523
-546202 -580926
674979 -381493
-819235 -624835
-704996 -539706
302903 -793772
775107 -636936
-457855 17452
680525 974725
910749 -900265
769788 -258656
380369 276210
757544 -172948
910035 -646953
467019 -721275
-688090 678065
-53998 -730761
-982128 -855350
455359 337395
355476 -656896
324350 -961744
-218076 -881422
-76506 62008
-997844 -212441
841418 606446
746006 -637375
252863 718385
-114796 186653
207882 -465872
173157 810930
-575979 777376
-717024 -939780
733692 -592370
31980 -613380
554109 721767
485002 -223149
131891 525715
-779862 950298
-254098 -313057
714154 -425366
112677 972814
-164495 -571533
813150 508735
-294950 -184149
-341265 -84105
367846 -531462
-926876 669573
-165287 704492
94906 953126
745053 90095
630913 -262009
381058 518733
-776387 307954
-697024 439786
141048 -113634
-459799 517925
-630741 -811482
-343137 -562268
-576291 -877574
-939519 955
-233201 922807
361025 216822
-775958 -493321
-348457 -102407
-341880 152882
327788 -488832
273545 939375
369255 -438845
963109 15743
66671 268744
258035 326344
-62467 -8134
-781320 -522994
-189885 -429730
925477 -701383
-738972 -482469
