7
917
53961 707255
202361 -271509
-134984 -424060
69429 261333
-928805 65281
998732 -331833
-20622 -691823
332146 183329
285781 171837
-480239 -599594
301124 795921
-644507 -319742
896051 331630
181869 788135
-304781 -272037
-839589 412615
100311 -426291
769673 -842551
-618654 -754773
442135 -542186
770085 540770
329281 -188069
5723 -859625
-950708 -513366
-750111 809982
829723 -735674
-58933 648032
-593214 673023
18156 355209
-654369 905284
291350 877019
-158908 -983607
-398078 997662
-699855 -330958
-904068 -52946
867856 134178
442581 -907631
-503654 -625490
24105 -400809
-867401 -290081
-133648 -720237
-611205 693006
261999 323106
-753390 -514131
-83442 -866893
-583028 85188
149674 746642
969590 57106
-930769 -373474
-862126 544380
835146 -790464
-948693 -681782
490727 -943151
827192 -502116
379225 -341467
-737852 -137
964503 975146
583786 254206
-988857 873562
93411 -485299
-947965 -460011
-373434 912312
-520994 -655090
198130 139392
300299 779336
875517 536161
-584444 -832919
344750 710094
640137 -747563
-907034 609322
-345451 -844769
947492 -381607
-486435 -255642
-967964 183000
-684782 614212
690456 406337
-147165 779966
-294498 -578542
96242 -534804
564647 -620582
-262560 -132059
864495 -22413
-89530 816041
-353786 -979565
-502037 -619833
-23848 -101823
972385 -741385
-64989 262424
396492 191447
-348759 686947
-406548 -586263
295218 -681465
-268955 980238
-87708 850541
828385 -438029
-78878 -926718
-357089 79122
-936992 -927920
780445 -315241
102504 939608
739744 -338159
-673414 -606909
-316929 569246
-529800 65632
839574 -884485
314025 259904
183881 213259
-856491 215894
570931 -51409
251767 914063
-792402 -916008
152657 -645301
124275 779132
-701491 -335188
484571 -910440
899325 587654
899466 -227410
424032 -874563
-684815 898447
-371493 -484276
-18836 -943066
391417 -882098
432500 676955
-972755 519762
948297 -958814
-742417 -39204
795922 618933
-86236 238986
961205 626091
-379357 -329001
849494 300325
89335 -288024
184864 -253690
274167 120476
974592 684177
-681828 842553
-951649 530844
-885172 378765
-994493 955488
662029 832588
605308 -545572
-551385 -739709
816547 943828
-347258 -415568
777389 -626514
-305523 -303469
819250 2687
997063 -985331
478149 -514366
826349 -653801
136463 -111630
459556 -230774
-63118 187419
203737 -266621
-31942 -645503
875798 -944404
-450770 135288
849831 -689686
675869 858226
230139 -724884
689310 661772
-314201 -931551
164642 -97168
771304 189661
-400684 698502
931707 163388
-644656 -806796
-887248 -683568
-932412 -159789
-56589 817386
-538929 -80831
464180 10907
-294713 -659768
-196424 -587330
332318 309371
-140756 561337
-43079 586718
-72814 486737
-459207 -428679
183162 151761
-370809 805772
763902 644870
-762018 744621
114973 -831086
786153 -179028
842514 203115
-635252 -781868
458743 -29922
-221724 270193
680554 453932
311042 -474815
-777960 60577
-423841 -207302
827120 -513349
-338350 106720
-224319 949346
-859040 956655
977039 -361179
-989732 72916
55506 775906
738864 -872885
-363005 672560
885861 -367396
-629861 -795743
-444978 559749
-369257 -250209
547872 612837
355883 675674
739146 349990
-384098 408173
-301538 918557
-633772 -199009
-985332 -291911
-365121 -157085
-335731 -630567
-803740 -150565
45878 -145267
372163 -933501
304090 -332419
692838 339045
-987756 429425
-242159 -634646
-414404 650813
-347005 -711394
903858 -977461
692646 141304
-845285 -483667
570875 -175733
938321 748847
38714 -366339
-744307 356518
914381 -533751
-432246 -484716
-906186 -178007
-564348 342772
503096 -479668
-610904 748934
541767 -393903
-684731 497185
-479551 463368
426129 719363
705045 484799
-165723 506130
977006 989914
3757 293057
120237 182774
-3728 -440994
175023 -227316
357456 -705837
-939003 46136
-586388 -876552
-483691 806620
-239602 565703
-353704 756573
930221 -247891
-797207 778183
470006 803618
-468897 205509
-930911 -465828
626306 -25817
685734 785981
-296010 -432150
332418 -460298
-7946 -357909
-501183 400305
324260 -472807
496654 308788
713431 -281933
-618294 683134
-428055 548121
-962648 -371116
867313 -145811
-341170 516123
649502 -256051
922514 -13488
706130 -476666
-875032 554887
63429 -735965
-109303 -203784
218825 375124
-99659 532063
900126 -740979
-602368 -209983
748806 -251420
834935 -216645
-217666 -800299
-383692 -696220
-315097 52437
-389412 694145
-414858 827346
453047 163971
-419233 566241
-350952 -408289
538754 537117
884181 910161
539109 -667624
745322 539308
30221 291073
-801228 523334
-422031 -70017
718287 -847543
-737492 857924
-170328 -101061
-136010 645197
-719629 -509181
-914238 312140
-338137 -25950
885310 575922
-74168 308919
77450 305138
234291 982936
254561 -575676
-71475 -231414
-22824 -246677
-98218 772008
-148497 -649675
-706941 -816738
-34716 -201971
-248451 583805
-540832 -520037
778428 492618
711884 -133376
818894 897614
8161 126813
6478 97931
-791459 406607
797867 58103
-572510 186170
994046 475745
236710 -368199
-445170 336997
-574215 -569676
-977461 -148163
457331 -547399
14202 -819501
-656580 825078
-369188 -679440
-761201 -97025
-373047 640380
150131 189115
733967 206965
597885 100872
-633205 473433
930969 625938
-127676 -673785
-901754 -599338
564188 -119972
371209 -576175
971316 -846029
785563 -590864
-58618 -597030
5776 -442136
217375 891169
610430 666755
-464645 -66727
-458890 -256233
72865 610489
-844614 -233520
-163110 732176
403148 -406901
-584702 -834783
336976 860055
976261 92415
987339 866953
-435007 821952
-782378 523132
625162 974833
-521097 -46827
708610 -867247
-482587 797961
-774943 801637
-168902 310763
262289 -684070
348661 -218128
-391141 -264312
-890823 -171931
-210619 -608538
512528 -798249
346514 -608790
-457944 -753835
913450 -526032
964885 407165
170801 -201107
-266564 -315056
-216317 172576
-319141 -6697
741208 683635
-768097 690031
-384672 715306
621394 -272867
310348 817393
271744 -298189
-371894 -407932
-446104 747752
283145 -682300
289600 -397906
-598948 232504
-735887 -126279
-913225 559970
-445582 -754652
438702 334964
-514538 -517295
-23618 -150586
877179 84867
-101694 -628738
739482 -913927
-830777 -317731
92257 276169
90966 -755998
-464492 -754033
-372898 -331517
777998 -722554
-148920 -314938
-558048 341378
937571 577644
-187645 -913806
-383131 -933884
-873363 973435
947236 493437
248660 734024
126699 920112
647911 129273
-996227 -525443
941463 -498257
-464386 -259527
-566352 983104
28605 -56289
762187 -813474
158201 79960
-29907 856561
-36303 255582
-271063 -162785
463515 -935590
148996 987829
-65849 -902610
832196 886086
-432446 -83679
38560 252069
482051 -823582
-312319 -159099
689596 566078
-477455 -188507
143125 731239
-306833 790629
-932110 -284645
-950548 -201374
166577 -70929
-47774 -366482
610639 941976
-284377 -277263
28926 -19262
892135 351001
-930196 117921
-932354 253317
408558 88333
-213209 780662
599699 -852384
519069 715372
677873 -154286
-662823 -701178
783791 555191
921287 -825477
399340 -438924
474773 -772391
-674627 -305327
-718117 -367457
812451 738669
618582 452879
-84437 -799177
630677 -798640
816672 278804
428819 671532
-277374 209821
555357 -305123
-278525 -409650
630674 -704398
-637914 902766
42744 -895070
-468843 810186
-732608 275317
674517 -973879
137445 296045
360392 -496607
882918 -486102
-726369 -422076
-204366 -963053
-398194 675986
-554316 -913098
-309885 -458213
-766525 28611
-897851 518406
186613 -536194
741535 -45339
621554 -673664
61148 -796721
908782 731939
-462587 -605271
-600783 -377224
-266042 436236
553713 -674461
-434631 -553447
-810991 428778
565221 102372
162855 254622
-479224 945052
448992 239475
-976256 -313156
364476 -439005
-945889 841410
-545842 -809977
40308 856803
650211 425898
-653081 -57719
975048 -765628
-526465 -462529
-801651 986968
-881111 357611
-931980 41255
-854763 223343
327612 -854005
-173775 -207978
85925 -46502
-66724 274167
711753 -322539
-154384 -513223
-232929 612975
123279 721065
-281353 639820
795533 -58955
750555 555872
-421966 -710288
-646542 500222
-155616 564415
310791 -786590
-319460 -6922
-753137 727720
-539224 -584350
-521260 732564
-468873 265669
-139860 507411
-880372 506548
516236 -808376
-973819 -49953
-556622 -818924
35242 -205598
-562069 -141481
220680 866233
920441 -667320
-63708 -743442
-518928 -621323
252835 177851
-262682 361668
452036 229097
-361674 -260363
-789610 249940
842654 553464
-799167 602468
635896 -890399
181775 786667
362646 849802
196069 -594402
655233 980135
726301 -935304
-92588 551854
-819460 -137610
162225 812218
969364 977070
-250778 170311
-250292 501739
-41191 505259
335333 381472
602093 -119477
-852614 557756
-392496 -195427
-818126 -613394
719808 -6121
360189 -562274
228587 -244490
596688 334329
-791719 -351933
-726937 -265486
-161694 653044
757137 583827
492413 185434
-180312 140286
-31955 -363532
62163 77612
-791289 -998112
-365647 695395
256302 -725077
-609631 -173642
317229 -687171
22962 939692
-395400 -565543
219836 176957
-91398 998780
696370 110477
-200828 686752
866552 714545
-453900 473327
-900826 798233
183452 -959956
-394937 180520
530603 191144
643113 327687
-286833 -619677
739450 -84172
127001 389952
-253645 671196
-316226 -944162
188669 545221
556564 843905
-472853 39595
-742440 -79291
-156554 855285
719226 -40207
-59869 528028
60850 -686231
624686 564745
-849132 -358241
-788043 333414
4887 703986
-70633 941407
-565632 138195
250706 975106
664343 -958605
-392119 495163
-800081 -298002
282997 -929464
873584 957593
999167 582328
-707738 -140200
177205 -39056
-577194 118846
-181613 894705
495852 289270
-115708 981178
954367 706009
276092 521679
975120 976747
-892452 -362086
491926 -898658
833196 -917935
637312 586975
-101998 654086
-577971 499815
-123718 -500109
-465686 138851
313977 705078
-918348 841323
-639097 -396552
-267565 702201
150039 -95765
-331558 -734412
963640 -489524
622529 -402502
558070 -308731
475001 -228223
-254442 -314156
176357 698798
762439 -700915
-382959 -558959
857039 -556034
847582 -325150
630774 908068
-52746 999559
-560296 524671
220147 -156132
-672296 -503933
-601830 395754
-738830 275144
-814651 -326436
-678436 -96794
-749591 351839
-248475 -417617
101856 -302314
-67651 819785
-804220 -587922
139939 -966681
-499653 -698660
894608 247893
-495515 -725335
-315611 -775608
161582 -172074
-171164 450456
331496 780499
357228 405487
52553 612218
-742587 517986
-29114 -867434
323003 864807
590712 -930549
-498978 776692
-252173 309347
352348 -58511
879765 939443
28258 -946436
-161998 456781
909133 -769406
372621 655893
-82489 -748669
842908 -201530
900970 -723565
-250184 709304
337741 -316759
230233 163996
-718981 -328427
685325 -99457
173390 -220532
690270 802384
-688569 -802509
-98262 261953
253741 -727525
-263929 -212663
-694741 481395
-98281 683115
-707213 -332175
-657564 -36284
698267 -660334
-890596 -997129
686501 740776
194832 -903773
543593 -387579
44629 -315776
-382494 -46253
956007 865578
855251 -347627
-553198 -292718
-711841 -937867
818600 287430
-692146 -102967
-445750 353562
-982442 265323
940405 -197802
169046 -793188
-681816 328835
-880020 -199052
796396 366540
955960 140923
808954 -606742
237118 -846077
680059 502908
-977947 -685360
-119596 287137
286583 -70845
364030 -329998
-538059 -627826
930659 -399200
-143762 775491
-816901 505665
850326 160358
-419347 572505
-441328 753985
-35763 643411
622510 289435
341165 -478672
-394103 -902216
474237 -391237
-108241 -501716
483349 -939745
-704968 -372916
414066 774128
53730 -213676
877576 891128
994992 502618
771357 -61718
393254 191512
710371 -575679
618871 -847148
66407 -191291
-803962 842032
-729577 -433598
-51353 -144697
-274962 -326232
225936 423252
-68596 126706
-168428 424191
116348 -506244
829714 955292
871842 703850
887244 707676
-657918 -682121
667169 961308
122083 -592963
384678 -647908
453882 -929960
-887738 722077
-979278 655130
397583 -73552
779303 655546
691566 115543
-338862 156641
-417694 499203
-293242 -395716
800414 -461648
619901 861066
13789 603392
-926644 -426823
496417 -689186
-489400 -942425
577021 -407422
-72161 -231220
915878 766377
-651618 -304247
889155 -186640
344214 490915
155756 -968431
-733697 -901579
71313 896222
-704271 -76971
472532 561211
258788 -576526
749028 -496304
616988 -238834
-74148 317263
286207 -115096
848252 769761
-770296 -552590
-379016 679198
-300345 -880481
-803412 -513923
890618 -346498
-767694 800626
841774 759478
978979 486039
161978 709422
-755482 -681046
337376 -777198
-965247 -273028
731985 968002
179678 392253
-644566 -579365
659509 -30253
-850216 831204
702183 -4248
653554 -214536
191063 388166
-94112 -26107
731175 166810
503801 -218270
748481 272072
301738 452535
933991 669037
31231 83682
-192969 140518
858729 -465266
-554229 683965
385876 139583
-714034 -776436
726934 23506
415877 923974
490729 896438
817658 -824792
535486 992858
-320617 -469414
-384428 -15282
610390 728276
673198 -650649
-370287 837331
-184435 784363
-287533 203763
970020 980039
783617 -825528
-498321 -888671
493952 -699473
-481711 288385
-588218 485361
957256 -343304
-85180 -210023
397887 -588115
916271 -498082
-406767 158775
-15572 -377104
93802 743119
-95646 -888669
-567567 -505100
-392435 71460
-222403 686249
234871 -541482
782477 511912
-763901 -39386
-711329 -692508
-316861 -771500
-664650 -331554
-210216 394585
-105360 74507
-297835 488391
349324 -865545
143836 -476871
822491 287425
89269 -747932
691127 -328715
-521394 -372010
-171434 -93225
897335 483584
-568420 945564
687785 935089
926957 18910
-199281 -614326
-923546 764673
-612486 806024
-256568 198925
163835 -969498
-430237 584000
-256743 257583
-617396 -869709
790676 72464
763156 -499015
846819 -466370
-932647 78197
63626 506276
651893 566537
-120710 -195754
-650113 546994
-197302 970134
-189426 482268
-516503 -244848
117
151796 -522708
389726 589311
-827620 811145
-910347 -853801
-543613 901957
-354960 785391
-264184 -233057
-77877 -823275
-200018 -987056
215974 -861794
-572707 77744
-753926 250722
87243 725981
994883 -253329
185352 721172
-85489 727600
965841 761802
-923477 -791974
-62517 81313
-139739 266973
589727 92444
-382368 -585660
711311 -34119
117393 712044
464678 366699
201751 758753
-125856 -867600
221612 -420073
440005 -729144
-31581 -272109
79382 810826
637635 871058
728464 650942
978544 -269889
-718754 -307291
-527144 32327
944975 -635113
-374264 15433
457884 386301
857052 -674041
270897 -666570
637108 -555523
-546202 -580926
674979 -381493
-819235 -624835
-704996 -539706
302903 -793772
775107 -636936
-457855 17452
680525 974725
910749 -900265
769788 -258656
380369 276210
757544 -172948
910035 -646953
467019 -721275
-688090 678065
-53998 -730761
-982128 -855350
455359 337395
355476 -656896
324350 -961744
-218076 -881422
-76506 62008
-997844 -212441
841418 606446
746006 -637375
252863 718385
-114796 186653
207882 -465872
173157 810930
-575979 777376
-717024 -939780
733692 -592370
31980 -613380
554109 721767
485002 -223149
131891 525715
-779862 950298
-254098 -313057
714154 -425366
112677 972814
-164495 -571533
813150 508735
-294950 -184149
-341265 -84105
367846 -531462
-926876 669573
-165287 704492
94906 953126
745053 90095
630913 -262009
381058 518733
-776387 307954
-697024 439786
141048 -113634
-459799 517925
-630741 -811482
-343137 -562268
-576291 -877574
-939519 955
-233201 922807
361025 216822
-775958 -493321
-348457 -102407
-341880 152882
327788 -488832
273545 939375
369255 -438845
963109 15743
66671 268744
258035 326344
-62467 -8134
-781320 -522994
-189885 -429730
925477 -701383
-738972 -482469
781
913853 348912
-351663 -490832
-943288 41984
255267 677934
969278 966208
973163 289688
-521120 -961904
97643 -744699
-642299 -7051
654794 -80074
796358 3451
-115530 229121
716005 -636937
264326 766804
-44843 -830827
332975 -310927
521473 779137
-110582 869627
-816364 770058
-294077 228005
66167 128164
-335330 -70308
40146 501320
410127 -224934
947213 332748
403177 -267902
-148907 20352
132332 158886
-702081 -847851
-451060 253520
-650330 680662
-117092 -501612
-669061 -874018
-641833 -980992
959112 951887
-259445 208593
-181997 -729370
-750498 96251
837487 817690
-520119 29353
-296958 159902
392945 -976603
300237 524946
-706619 246149
691376 248559
396277 46942
864692 -526490
-713251 608780
651601 644602
639676 -438431
-489403 -428515
428549 -104662
903769 115595
637011 -718647
362260 219332
269766 -158516
-580965 -986870
-756232 288635
-216948 -345695
133375 -400347
-782450 -1961
582200 -444195
-601134 860638
547703 232908
771036 177180
-846317 143715
24046 -121828
42662 272548
169316 -529069
-153047 606689
50623 544284
-361727 506150
-706704 144953
-695648 -695392
-267733 -347916
-486703 612854
-389856 861718
-418638 619888
470361 844206
-434457 995624
-447083 -776070
-850250 839059
-854460 597651
154221 -249261
-210417 -359441
-315040 -5911
739405 -229986
-286073 267912
-361890 -383560
742974 -958918
433769 -729280
259798 12978
-968954 -3539
108972 -979888
-937869 874569
-366509 263093
604603 -855460
455961 -202530
-244129 -44165
279015 -874638
-124102 709998
565822 -811850
403281 -462729
-645298 723144
417030 -654010
-867618 -219222
112069 -613788
-818577 977636
-461730 813594
-600722 -770601
171783 719637
-111005 -794107
921074 -57681
84442 -303910
859245 -250878
125121 669129
49583 809617
-147759 -103979
957800 -765411
998626 306510
162392 -847232
749890 -837164
-943278 -335100
730937 -50940
236937 -97102
947039 463832
274077 970014
-693815 448583
-356849 -599320
-432985 585234
-841141 -501979
725007 -791980
235751 -705542
-571907 745683
691592 -198022
-923282 -400553
848421 -831166
961712 -332274
-509652 -757933
684088 -562315
-172593 646173
539600 -303178
-988500 318995
476974 -242573
197219 -485644
400505 -76334
-498960 -141439
520093 197654
-258004 898880
-484570 796361
562159 -706940
-710239 582742
676752 -105940
-791603 -939178
649404 -899452
666263 -937499
650072 107037
-915107 -304254
301485 -379880
-822461 -26449
528828 481874
-711740 -527437
-323343 -306954
703453 417498
888086 -836579
-312533 933141
962136 81757
-532760 622576
714840 464826
910720 -309978
962349 484086
75595 441830
583353 923652
96751 188863
169382 226630
-3195 553559
-203823 -46921
-91439 -530889
619081 182497
-543230 689215
338758 -253868
-203507 -534724
794724 443857
883344 738182
-554012 232471
-334346 793619
-743496 -650505
-931139 -367014
714124 -342239
-476700 -320719
-290500 -233936
283450 -739211
231954 -359472
703045 156042
393273 -552895
143752 -324442
-88472 727733
598143 -595252
-607726 268779
985784 -335920
48572 361018
-775632 472155
667734 -736974
598285 -332977
18124 -917844
330236 -242444
-308983 171859
-381150 859883
-582451 2964
-792438 -975574
-113111 -790167
496929 355277
-961905 -239336
-521819 747624
726018 -518735
-195625 -714320
-356625 -481414
-53714 -709654
582996 -293867
544980 918964
-511473 979676
-267981 -397887
116435 817349
-105316 -609023
476679 -384877
751559 -116084
-985811 -289418
55747 -981477
-520869 -766128
722863 485153
520207 732112
685863 424624
980277 84790
365616 141906
203577 -525351
415752 291708
-195638 -797920
-499774 -995495
218467 -536353
43736 296618
-455991 -958471
335763 -757979
157291 629524
-843909 -454836
-408244 -374215
-162398 -626719
231921 261972
-706487 4222
-104937 537325
-770367 195440
-120064 -496948
-163883 -623602
231002 -686521
9989 -114716
-5947 954570
-794465 595143
441016 -380088
368551 -68848
-704521 850225
-862274 -384107
675058 -212624
459244 -773511
-403401 257622
993078 -300801
-562576 -918163
506639 -535955
-360857 -709745
697571 -286232
648598 -206001
301714 -440780
515799 600624
332764 19147
427714 564465
-215811 -914288
584041 432668
275580 426656
777496 -28134
845962 -439164
-598468 289439
-551592 -284066
-868721 -483280
522951 674158
-996702 -996281
935083 -411141
-402049 -988028
-590272 -713027
420261 -523244
-941117 -676140
-966695 -838407
321463 -866457
-184842 -702005
510457 -476401
-362238 -643029
-945231 -722683
545726 -825088
219273 -805736
79624 901709
-549722 475107
935951 9252
-923589 -374261
-791487 475221
348448 194664
164973 376216
423735 334192
611723 22907
490851 -888965
-454941 -841043
-433869 -870111
579838 -290498
-677810 -227886
704210 926812
68036 154559
-991856 -523209
5296 -762305
478596 363825
-84454 325299
-686394 44337
331645 618552
-764925 -251688
272797 653077
-297886 161588
488758 -842968
-830089 348833
715738 30775
508250 460460
456043 -831895
866103 595577
-91748 82254
-187691 -756546
-1515 -727829
224264 -493656
-436538 877717
-839063 -561146
-481589 561844
-975315 489158
124814 -333090
-555894 -71512
-783079 367954
830654 512534
448631 -654975
-767151 -935062
715824 -700570
818216 -57229
-342031 -250865
-219766 56641
118319 -245760
-981153 -770113
-590720 783599
680309 791479
-689442 802870
989227 917924
-694401 -326502
-326873 529141
-349067 983113
799336 573676
728941 440270
-884087 -353072
843991 171245
-237548 -635895
416043 315687
952224 227541
296008 654991
-480723 -28422
-594607 888574
910226 -651068
575991 808191
821612 -577393
-675446 -440121
-841107 -546797
-64060 -77183
-755686 547911
476120 -37351
-647250 -325988
981395 -798399
-660805 135819
566258 -803277
-804569 -68632
4244 571823
400294 839220
390665 189128
148616 622982
-602865 563698
188605 803352
457836 408758
751383 -235449
-330709 -620222
713318 -448774
422470 -545749
-6778 369431
300199 803557
-75509 -796658
-131029 -436454
-23549 -359254
-714252 -434835
-408113 -67884
657315 -666865
169083 349081
-328008 -395249
-272480 508085
235111 775167
-306406 -871343
325517 -28705
176234 537745
178285 -317444
217990 869472
533115 -785259
-940143 128905
537895 -922074
-73753 856141
-348387 -723604
525955 -369824
32188 -857628
490773 536542
-766564 -930133
-796664 -336151
978117 930670
708698 422424
541796 -881205
-456547 -182477
792006 652325
-492080 980305
-66619 -643201
562826 180164
-387418 -70039
-93392 470349
711240 -366038
-163812 -576413
-779448 578165
-171801 -150639
-980746 -340514
-699267 -553534
731808 208196
-8459 775970
-423367 454603
205531 723655
272066 -118916
-413027 -169188
-641269 -808822
-653747 537515
-912118 831298
-765977 -251482
-871507 171207
-396555 536617
-787023 453337
-842727 544882
516095 409987
-686606 361859
-825854 25103
81297 283496
-274679 -975900
-647981 -682427
767085 -208099
-873548 -387663
-405476 -65465
837758 194148
204104 351645
644908 402054
68190 881974
425868 139645
-986447 -172973
16678 -448866
761211 533864
173171 964425
775586 -459348
-276676 493158
622376 -499746
782001 -640276
-148998 -33115
-927493 -48882
-705052 -451400
678167 226375
190856 -870506
-777364 -958681
-788224 -252371
878918 -530769
-162243 508099
87011 293792
105178 14322
379815 -69294
-659827 -204197
-669523 -893631
919392 296923
-505522 206244
-639873 -823364
429031 480092
633902 830549
368107 -741438
953473 220578
6605 -648961
789068 -841717
-595311 -680887
-474051 861564
335088 759219
121078 617077
-674933 284698
-88593 62045
886830 518640
-683629 483715
-651034 -494786
-966629 471288
319663 779061
-443272 716063
435052 565555
-169032 214941
118553 -218925
329862 547786
553912 175404
-469407 267554
183477 -938434
-606390 261215
-828517 714387
721866 639540
-654274 -127585
636870 167617
896399 -944208
338343 -576638
725631 -771550
71432 -896301
-57023 890113
-978444 -374409
973459 -322264
-448040 -991877
-721551 101298
364077 -360920
881793 -934497
405217 281154
547209 -224745
-480291 951000
188253 278860
-620441 755881
-74189 -61872
960570 -318112
117820 309831
-347199 630831
8742 138407
-836172 -616296
-21302 -302745
433894 537305
181757 164729
203675 556604
53673 -327041
930419 -330115
-817263 -91544
-311527 616264
999825 949899
895672 470610
213789 518759
-508751 -980655
-811395 559634
-198063 780805
575065 178529
176669 751197
213714 -143177
555079 709022
486465 929514
512565 122823
220451 351823
-391289 23775
916764 -92512
500113 -779591
55785 546698
-218296 412215
-798027 -145880
-440459 -314165
-818338 -762837
648165 -954836
-134945 417792
-284655 123838
-491376 50973
458928 561861
-713547 -440502
957692 458770
-938522 -913659
511097 389215
-320677 -577466
-847839 -242875
237725 109431
509459 -210757
38703 -389166
261682 -98881
-51507 609181
730187 921801
-928164 -983327
434037 -661331
-205021 -881372
892006 79776
554848 234813
80411 -419779
291115 994683
895728 -586127
-824738 596680
745206 245677
-766110 -563209
311577 349052
-51745 -282987
380404 -992852
156151 -914052
687969 -92868
-168102 419455
-26047 537214
422723 -598670
108389 -992281
-432804 -592321
26786 -389590
-295358 338837
600490 670500
697689 407497
230544 -240839
651229 -205999
-224694 -980667
649273 834459
-838370 275630
-685480 -10657
252152 -9030
-204175 913376
-673850 647020
785643 270348
-270259 236696
-361966 928094
-119524 -181566
154067 962959
805029 272584
732632 -726994
-441307 583736
-622302 -703711
176521 756830
874809 -567870
356501 -268775
-39213 -207727
928585 -537628
-111097 822832
609304 484527
674902 -997939
609501 931534
-113 477033
531681 660047
-160162 899112
370693 972224
-763392 -974600
682696 703720
826539 -481271
-337956 598416
699766 771481
264320 25191
588234 -504900
-840879 419276
-928010 -976240
73123 976376
-503163 -63609
-470296 148681
-603783 -235120
-22017 -303518
-48609 58369
-618901 -689694
453720 -675090
-245124 848097
-599970 269217
-27747 -791078
-355410 -982338
715072 -820615
-707389 -943035
487606 278053
-169812 -522532
-445479 215625
148079 -279529
674307 -557948
277853 -33361
-783025 -674466
464164 -671801
-792520 988690
-311083 981720
-666138 348396
456044 -715996
937754 870108
162894 696350
889136 -778171
-810055 -194572
126706 616138
-471046 164908
-363757 -317519
-290851 -864473
-608474 -362803
702072 -224695
126583 -389528
-746467 -703611
-659025 -524235
-590430 -19465
-962035 -596359
924445 -923401
541800 -600192
855899 -42163
-412649 53048
252250 -122444
-119537 689131
-377951 -232187
-820125 577903
903648 -409649
-605921 667803
-355663 74154
-799040 -156212
386854 -650600
-519987 939862
582379 -328075
-287204 211922
449862 873271
447721 47364
635497 -302270
794904 -297424
139106 -123438
938963 -623990
-39218 885899
438236 854341
119306 965897
118695 -769973
-82788 996643
-225808 -379547
-506499 -280608
345846 -32797
-574769 860717
956587 -882739
747686 278145
585516 872268
849470 627684
965508 810808
-96818 403885
-434702 -967525
398738 -418293
638596 -127407
-171335 -403893
-208650 -74170
-825056 -503649
378412 63845
-514378 469255
-695152 -338518
427637 446555
-210996 845723
463786 387161
202554 -205253
448433 -45091
892873 -681590
-81408 -973358
-440538 427953
9713 995097
-901428 215954
-573798 332485
-600575 -505527
733590 895930
-902686 -490821
-455294 -923664
-392150 -429579
-251865 573633
432925 308867
576942 8099
984000 -564509
-331441 745275
-495806 -467447
216134 -901713
351013 597292
-666024 -891920
874410 307771
-562274 462695
401674 -358591
-142551 870908
691601 -781360
987124 -236954
287746 561847
893952 -755690
-773756 -817925
-432565 -817979
507274 352455
-21728 27310
396438 -135732
-540850 -666787
-652786 301695
66634 -584754
-382466 290138
-531867 -708891
-85388 683674
-142093 420876
-338253 245739
-775060 250634
211
46354 677751
238297 439670
-580192 -744585
637644 715503
230700 -139975
572767 118407
-712963 -65682
229296 746369
653017 23325
-151144 -385652
408382 706310
960257 87718
-558427 -12865
-120227 57358
14810 709697
227292 -752210
74457 -576688
-386668 237647
-367124 149915
983990 38673
-225122 982868
266312 941740
-350221 523847
845200 -78462
816813 -978887
-30706 -697870
50448 69032
-867205 538405
39021 -646976
618513 -338993
218811 446113
894479 229389
-315292 -278234
841672 -193471
535924 383988
-566510 -901848
-781215 -518655
-470016 153539
-242498 -204945
-110786 562433
-694131 332023
514366 530114
296685 383032
-528503 957415
311722 355880
838193 -81731
107417 812369
-303975 -199537
136352 -107924
-447081 603250
-94144 -135004
601346 -458680
-681388 386786
97663 -176252
-376292 -264570
586639 267913
252927 -972367
-265861 -729642
309670 -118927
392409 604610
795015 448739
401536 358795
461824 332257
-108731 -854055
361671 412449
-138245 -792421
-565967 145169
-451994 254762
523837 -611427
80782 -597051
-613169 -345314
-870782 680753
879001 -167604
-983876 -450257
380173 -701608
-478561 68884
348847 -351271
875889 -247246
-246546 804303
555780 413957
632855 3385
961935 -526204
328818 532448
573981 686143
-978345 432437
321114 411607
-197806 253225
291191 -226815
-455956 996980
-639318 -116153
70161 -564845
-571410 -25546
-888197 -513613
-81864 -22741
989398 613691
860245 230884
105298 -947195
636514 -837692
142929 458822
-322821 -944644
-201601 -585394
457033 656980
589168 511462
-871115 -389757
766176 815346
-579862 451777
726689 529438
386730 -862379
46262 289378
-205572 895413
-114696 -571899
-153090 588229
162013 -577644
-219832 -223919
359128 953833
-558734 -168486
-566549 786243
-333113 -164042
-118429 815016
581378 576731
-893174 -576580
688819 -48797
-762088 -926409
-468122 637580
-534206 659448
-367979 -936937
116370 -535515
102306 74122
755041 -715992
-748736 879769
-694432 -43373
-859842 -424684
-646177 -319802
-389266 184093
-130208 661041
222381 555415
452486 -443615
682983 -878058
-403232 565027
718937 -111330
681708 478155
398990 -397450
-285159 692059
-207075 45930
-55573 -917794
759455 159611
494024 529612
804828 460968
-12938 -530595
-513585 -576727
-218192 -793687
242503 -701787
-85582 -511176
459708 -526656
307597 820534
-803371 992650
-224841 -431259
51048 728511
-938450 -660048
-669289 -838572
425420 -305256
310737 -650555
-295506 183846
-743310 345158
393426 660090
125874 697579
625782 -338280
-932868 366221
410332 -471297
-434858 276493
-300791 -112699
-279067 707768
370082 -389268
-961837 -887174
-659048 156084
377501 -141148
-713208 869605
148150 -340579
-884470 528083
307095 -340818
622841 751813
-800694 750740
725112 -6976
-295343 -378545
-44473 77751
620233 -843292
192081 -644494
-892395 675360
-552011 -388395
-467580 840443
-151370 -400790
-707723 845879
-672875 -86027
-80326 -920090
-474625 -339765
648165 -746061
974749 -404251
-917444 -346798
-166039 -600367
-86773 -454754
734097 -769162
-851025 255451
482035 594197
-689727 984601
516725 13778
-348574 -289135
464831 732131
-624454 -328899
347485 -43210
732956 277046
124060 106981
1000
1000000 1000000
1000000 1000000
1000000 1000000
1000000 1000000
1000000 1000000
1000000 1000000
1000000 1000000
1000000 1000000
1000000 1000000
1000000 1000000
1000000 1000000
1000000 1000000
1000000 1000000
1000000 1000000
1000000 1000000
1000000 1000000
1000000 1000000
1000000 1000000
1000000 1000000
1000000 1000000
1000000 1000000
1000000 1000000
1000000 1000000
1000000 1000000
1000000 1000000
1000000 1000000
1000000 1000000
1000000 1000000
1000000 1000000
1000000 1000000
1000000 1000000
1000000 1000000
1000000 1000000
1000000 1000000
1000000 1000000
1000000 1000000
1000000 1000000
1000000 1000000
1000000 1000000
1000000 1000000
1000000 1000000
1000000 1000000
1000000 1000000
1000000 1000000
1000000 1000000
1000000 1000000
1000000 1000000
1000000 1000000
1000000 1000000
1000000 1000000
1000000 1000000
1000000 1000000
1000000 1000000
1000000 1000000
1000000 1000000
1000000 1000000
1000000 1000000
1000000 1000000
1000000 1000000
1000000 1000000
1000000 1000000
1000000 1000000
1000000 1000000
1000000 1000000
1000000 1000000
1000000 1000000
1000000 1000000
1000000 1000000
1000000 1000000
1000000 1000000
1000000 1000000
1000000 1000000
1000000 1000000
1000000 1000000
1000000 1000000
1000000 1000000
1000000 1000000
1000000 1000000
1000000 1000000
1000000 1000000
1000000 1000000
1000000 1000000
1000000 1000000
1000000 1000000
1000000 1000000
1000000 1000000
1000000 1000000
1000000 1000000
1000000 1000000
1000000 1000000
1000000 1000000
1000000 1000000
1000000 1000000
1000000 1000000
1000000 1000000
1000000 1000000
1000000 1000000
1000000 1000000
1000000 1000000
1000000 1000000
1000000 1000000
1000000 1000000
1000000 1000000
1000000 1000000
1000000 1000000
1000000 1000000
1000000 1000000
1000000 1000000
1000000 1000000
1000000 1000000
1000000 1000000
1000000 1000000
1000000 1000000
1000000 1000000
1000000 1000000
1000000 1000000
1000000 1000000
1000000 1000000
1000000 1000000
1000000 1000000
1000000 1000000
1000000 1000000
1000000 1000000
1000000 1000000
1000000 1000000
1000000 1000000
1000000 1000000
1000000 1000000
1000000 1000000
1000000 1000000
1000000 1000000
1000000 1000000
1000000 1000000
1000000 1000000
1000000 1000000
1000000 1000000
1000000 1000000
1000000 1000000
1000000 1000000
1000000 1000000
1000000 1000000
1000000 1000000
1000000 1000000
1000000 1000000
1000000 1000000
1000000 1000000
1000000 1000000
1000000 1000000
1000000 1000000
1000000 1000000
1000000 1000000
1000000 1000000
1000000 1000000
1000000 1000000
1000000 1000000
1000000 1000000
1000000 1000000
1000000 1000000
1000000 1000000
1000000 1000000
1000000 1000000
1000000 1000000
1000000 1000000
1000000 1000000
1000000 1000000
1000000 1000000
1000000 1000000
1000000 1000000
1000000 1000000
1000000 1000000
1000000 1000000
1000000 1000000
1000000 1000000
1000000 1000000
1000000 1000000
1000000 1000000
1000000 1000000
1000000 1000000
1000000 1000000
1000000 1000000
1000000 1000000
1000000 1000000
1000000 1000000
1000000 1000000
1000000 1000000
1000000 1000000
1000000 1000000
1000000 1000000
1000000 1000000
1000000 1000000
1000000 1000000
1000000 1000000
1000000 1000000
1000000 1000000
1000000 1000000
1000000 1000000
1000000 1000000
1000000 1000000
1000000 1000000
1000000 1000000
1000000 1000000
1000000 1000000
1000000 1000000
1000000 1000000
1000000 1000000
1000000 1000000
1000000 1000000
1000000 1000000
1000000 1000000
1000000 1000000
1000000 1000000
1000000 1000000
1000000 1000000
1000000 1000000
1000000 1000000
1000000 1000000
1000000 1000000
1000000 1000000
1000000 1000000
1000000 1000000
1000000 1000000
1000000 1000000
1000000 1000000
1000000 1000000
1000000 1000000
1000000 1000000
1000000 1000000
1000000 1000000
1000000 1000000
1000000 1000000
1000000 1000000
1000000 1000000
1000000 1000000
1000000 1000000
1000000 1000000
1000000 1000000
1000000 1000000
1000000 1000000
1000000 1000000
1000000 1000000
1000000 1000000
1000000 1000000
1000000 1000000
1000000 1000000
1000000 1000000
1000000 1000000
1000000 1000000
1000000 1000000
1000000 1000000
1000000 1000000
1000000 1000000
1000000 1000000
1000000 1000000
1000000 1000000
1000000 1000000
1000000 1000000
1000000 1000000
1000000 1000000
1000000 1000000
1000000 1000000
1000000 1000000
1000000 1000000
1000000 1000000
1000000 1000000
1000000 1000000
1000000 1000000
1000000 1000000
1000000 1000000
1000000 1000000
1000000 1000000
1000000 1000000
1000000 1000000
1000000 1000000
1000000 1000000
1000000 1000000
1000000 1000000
1000000 1000000
1000000 1000000
1000000 1000000
1000000 1000000
1000000 1000000
1000000 1000000
1000000 1000000
1000000 1000000
1000000 1000000
1000000 1000000
1000000 1000000
1000000 1000000
1000000 1000000
1000000 1000000
1000000 1000000
1000000 1000000
1000000 1000000
1000000 1000000
1000000 1000000
1000000 1000000
1000000 1000000
1000000 1000000
1000000 1000000
1000000 1000000
1000000 1000000
1000000 1000000
1000000 1000000
1000000 1000000
1000000 1000000
1000000 1000000
1000000 1000000
1000000 1000000
1000000 1000000
1000000 1000000
1000000 1000000
1000000 1000000
1000000 1000000
1000000 1000000
1000000 1000000
1000000 1000000
1000000 1000000
1000000 1000000
1000000 1000000
1000000 1000000
1000000 1000000
1000000 1000000
1000000 1000000
1000000 1000000
1000000 1000000
1000000 1000000
1000000 1000000
1000000 1000000
1000000 1000000
1000000 1000000
1000000 1000000
1000000 1000000
1000000 1000000
1000000 1000000
1000000 1000000
1000000 1000000
1000000 1000000
1000000 1000000
1000000 1000000
1000000 1000000
1000000 1000000
1000000 1000000
1000000 1000000
1000000 1000000
1000000 1000000
1000000 1000000
1000000 1000000
1000000 1000000
1000000 1000000
1000000 1000000
1000000 1000000
1000000 1000000
1000000 1000000
1000000 1000000
1000000 1000000
1000000 1000000
1000000 1000000
1000000 1000000
1000000 1000000
1000000 1000000
1000000 1000000
1000000 1000000
1000000 1000000
1000000 1000000
1000000 1000000
1000000 1000000
1000000 1000000
1000000 1000000
1000000 1000000
1000000 1000000
1000000 1000000
1000000 1000000
1000000 1000000
1000000 1000000
1000000 1000000
1000000 1000000
1000000 1000000
1000000 1000000
1000000 1000000
1000000 1000000
1000000 1000000
1000000 1000000
1000000 1000000
1000000 1000000
1000000 1000000
1000000 1000000
1000000 1000000
1000000 1000000
1000000 1000000
1000000 1000000
1000000 1000000
1000000 1000000
1000000 1000000
1000000 1000000
1000000 1000000
1000000 1000000
1000000 1000000
1000000 1000000
1000000 1000000
1000000 1000000
1000000 1000000
1000000 1000000
1000000 1000000
1000000 1000000
1000000 1000000
1000000 1000000
1000000 1000000
1000000 1000000
1000000 1000000
1000000 1000000
1000000 1000000
1000000 1000000
1000000 1000000
1000000 1000000
1000000 1000000
1000000 1000000
1000000 1000000
1000000 1000000
1000000 1000000
1000000 1000000
1000000 1000000
1000000 1000000
1000000 1000000
1000000 1000000
1000000 1000000
1000000 1000000
1000000 1000000
1000000 1000000
1000000 1000000
1000000 1000000
1000000 1000000
1000000 1000000
1000000 1000000
1000000 1000000
1000000 1000000
1000000 1000000
1000000 1000000
1000000 1000000
1000000 1000000
1000000 1000000
1000000 1000000
1000000 1000000
1000000 1000000
1000000 1000000
1000000 1000000
1000000 1000000
1000000 1000000
1000000 1000000
1000000 1000000
1000000 1000000
1000000 1000000
1000000 1000000
1000000 1000000
1000000 1000000
1000000 1000000
1000000 1000000
1000000 1000000
1000000 1000000
1000000 1000000
1000000 1000000
1000000 1000000
1000000 1000000
1000000 1000000
1000000 1000000
1000000 1000000
1000000 1000000
1000000 1000000
1000000 1000000
1000000 1000000
1000000 1000000
1000000 1000000
1000000 1000000
1000000 1000000
1000000 1000000
1000000 1000000
1000000 1000000
1000000 1000000
1000000 1000000
1000000 1000000
1000000 1000000
1000000 1000000
1000000 1000000
1000000 1000000
1000000 1000000
1000000 1000000
1000000 1000000
1000000 1000000
1000000 1000000
1000000 1000000
1000000 1000000
1000000 1000000
1000000 1000000
1000000 1000000
1000000 1000000
1000000 1000000
1000000 1000000
1000000 1000000
1000000 1000000
1000000 1000000
1000000 1000000
1000000 1000000
1000000 1000000
1000000 1000000
1000000 1000000
1000000 1000000
1000000 1000000
1000000 1000000
1000000 1000000
1000000 1000000
1000000 1000000
1000000 1000000
1000000 1000000
1000000 1000000
1000000 1000000
1000000 1000000
1000000 1000000
1000000 1000000
1000000 1000000
1000000 1000000
1000000 1000000
1000000 1000000
1000000 1000000
1000000 1000000
1000000 1000000
1000000 1000000
1000000 1000000
1000000 1000000
1000000 1000000
1000000 1000000
1000000 1000000
1000000 1000000
1000000 1000000
1000000 1000000
1000000 1000000
1000000 1000000
1000000 1000000
1000000 1000000
1000000 1000000
1000000 1000000
1000000 1000000
1000000 1000000
1000000 1000000
1000000 1000000
1000000 1000000
1000000 1000000
1000000 1000000
1000000 1000000
1000000 1000000
1000000 1000000
1000000 1000000
1000000 1000000
1000000 1000000
1000000 1000000
1000000 1000000
1000000 1000000
1000000 1000000
1000000 1000000
1000000 1000000
1000000 1000000
1000000 1000000
1000000 1000000
1000000 1000000
1000000 1000000
1000000 1000000
1000000 1000000
1000000 1000000
1000000 1000000
1000000 1000000
1000000 1000000
1000000 1000000
1000000 1000000
1000000 1000000
1000000 1000000
1000000 1000000
1000000 1000000
1000000 1000000
1000000 1000000
1000000 1000000
1000000 1000000
1000000 1000000
1000000 1000000
1000000 1000000
1000000 1000000
1000000 1000000
1000000 1000000
1000000 1000000
1000000 1000000
1000000 1000000
1000000 1000000
1000000 1000000
1000000 1000000
1000000 1000000
1000000 1000000
1000000 1000000
1000000 1000000
1000000 1000000
1000000 1000000
1000000 1000000
1000000 1000000
1000000 1000000
1000000 1000000
1000000 1000000
1000000 1000000
1000000 1000000
1000000 1000000
1000000 1000000
1000000 1000000
1000000 1000000
1000000 1000000
1000000 1000000
1000000 1000000
1000000 1000000
1000000 1000000
1000000 1000000
1000000 1000000
1000000 1000000
1000000 1000000
1000000 1000000
1000000 1000000
1000000 1000000
1000000 1000000
1000000 1000000
1000000 1000000
1000000 1000000
1000000 1000000
1000000 1000000
1000000 1000000
1000000 1000000
1000000 1000000
1000000 1000000
1000000 1000000
1000000 1000000
1000000 1000000
1000000 1000000
1000000 1000000
1000000 1000000
1000000 1000000
1000000 1000000
1000000 1000000
1000000 1000000
1000000 1000000
1000000 1000000
1000000 1000000
1000000 1000000
1000000 1000000
1000000 1000000
1000000 1000000
1000000 1000000
1000000 1000000
1000000 1000000
1000000 1000000
1000000 1000000
1000000 1000000
1000000 1000000
1000000 1000000
1000000 1000000
1000000 1000000
1000000 1000000
1000000 1000000
1000000 1000000
1000000 1000000
1000000 1000000
1000000 1000000
1000000 1000000
1000000 1000000
1000000 1000000
1000000 1000000
1000000 1000000
1000000 1000000
1000000 1000000
1000000 1000000
1000000 1000000
1000000 1000000
1000000 1000000
1000000 1000000
1000000 1000000
1000000 1000000
1000000 1000000
1000000 1000000
1000000 1000000
1000000 1000000
1000000 1000000
1000000 1000000
1000000 1000000
1000000 1000000
1000000 1000000
1000000 1000000
1000000 1000000
1000000 1000000
1000000 1000000
1000000 1000000
1000000 1000000
1000000 1000000
1000000 1000000
1000000 1000000
1000000 1000000
1000000 1000000
1000000 1000000
1000000 1000000
1000000 1000000
1000000 1000000
1000000 1000000
1000000 1000000
1000000 1000000
1000000 1000000
1000000 1000000
1000000 1000000
1000000 1000000
1000000 1000000
1000000 1000000
1000000 1000000
1000000 1000000
1000000 1000000
1000000 1000000
1000000 1000000
1000000 1000000
1000000 1000000
1000000 1000000
1000000 1000000
1000000 1000000
1000000 1000000
1000000 1000000
1000000 1000000
1000000 1000000
1000000 1000000
1000000 1000000
1000000 1000000
1000000 1000000
1000000 1000000
1000000 1000000
1000000 1000000
1000000 1000000
1000000 1000000
1000000 1000000
1000000 1000000
1000000 1000000
1000000 1000000
1000000 1000000
1000000 1000000
1000000 1000000
1000000 1000000
1000000 1000000
1000000 1000000
1000000 1000000
1000000 1000000
1000000 1000000
1000000 1000000
1000000 1000000
1000000 1000000
1000000 1000000
1000000 1000000
1000000 1000000
1000000 1000000
1000000 1000000
1000000 1000000
1000000 1000000
1000000 1000000
1000000 1000000
1000000 1000000
1000000 1000000
1000000 1000000
1000000 1000000
1000000 1000000
1000000 1000000
1000000 1000000
1000000 1000000
1000000 1000000
1000000 1000000
1000000 1000000
1000000 1000000
1000000 1000000
1000000 1000000
1000000 1000000
1000000 1000000
1000000 1000000
1000000 1000000
1000000 1000000
1000000 1000000
1000000 1000000
1000000 1000000
1000000 1000000
1000000 1000000
1000000 1000000
1000000 1000000
1000000 1000000
1000000 1000000
1000000 1000000
1000000 1000000
1000000 1000000
1000000 1000000
1000000 1000000
1000000 1000000
1000000 1000000
1000000 1000000
1000000 1000000
1000000 1000000
1000000 1000000
1000000 1000000
1000000 1000000
1000000 1000000
1000000 1000000
1000000 1000000
1000000 1000000
1000000 1000000
1000000 1000000
1000000 1000000
1000000 1000000
1000000 1000000
1000000 1000000
1000000 1000000
1000000 1000000
1000000 1000000
1000000 1000000
1000000 1000000
1000000 1000000
1000000 1000000
1000000 1000000
1000000 1000000
1000000 1000000
1000000 1000000
1000000 1000000
1000000 1000000
1000000 1000000
1000000 1000000
1000000 1000000
1000000 1000000
1000000 1000000
1000000 1000000
1000000 1000000
1000000 1000000
1000000 1000000
1000000 1000000
1000000 1000000
1000000 1000000
1000000 1000000
1000000 1000000
1000000 1000000
1000000 1000000
1000000 1000000
1000000 1000000
1000000 1000000
1000000 1000000
1000000 1000000
1000000 1000000
1000000 1000000
1000000 1000000
1000000 1000000
1000000 1000000
1000000 1000000
1000000 1000000
1000000 1000000
1000000 1000000
1000000 1000000
1000000 1000000
1000000 1000000
1000000 1000000
1000000 1000000
1000000 1000000
1000000 1000000
1000000 1000000
1000000 1000000
1000000 1000000
1000000 1000000
1000000 1000000
1000000 1000000
1000000 1000000
1000000 1000000
1000000 1000000
1000000 1000000
1000000 1000000
1000000 1000000
1000000 1000000
1000000 1000000
1000000 1000000
1000000 1000000
1000000 1000000
1000000 1000000
1000000 1000000
1000000 1000000
1000000 1000000
1000000 1000000
1000000 1000000
1000000 1000000
1000000 1000000
1000000 1000000
1000000 1000000
1000000 1000000
1000000 1000000
1000000 1000000
1000000 1000000
1000000 1000000
1000000 1000000
1000000 1000000
1000000 1000000
1000000 1000000
1000000 1000000
1000000 1000000
1000000 1000000
1000000 1000000
1000000 1000000
1000000 1000000
1000000 1000000
1000000 1000000
1000000 1000000
1000000 1000000
1000000 1000000
1000000 1000000
1000000 1000000
1000000 1000000
1000000 1000000
1000000 1000000
1000000 1000000
1000000 1000000
1000000 1000000
1000000 1000000
1000000 1000000
1000000 1000000
1000000 1000000
1000000 1000000
1000000 1000000
1000000 1000000
1000000 1000000
1000000 1000000
1000000 1000000
1000000 1000000
1000000 1000000
1000000 1000000
1000000 1000000
1000000 1000000
1000000 1000000
1000000 1000000
1000000 1000000
1000000 1000000
1000000 1000000
1000000 1000000
1000000 1000000
1000000 1000000
1000000 1000000
1000000 1000000
1000000 1000000
1000000 1000000
1000000 1000000
1000000 1000000
1000000 1000000
1000000 1000000
1000000 1000000
1000000 1000000
1000000 1000000
1000000 1000000
1000000 1000000
1000000 1000000
1000000 1000000
1000000 1000000
1000000 1000000
1000000 1000000
1000000 1000000
1000000 1000000
1000000 1000000
1000000 1000000
1000000 1000000
1000000 1000000
1000000 1000000
1000000 1000000
1000000 1000000
1000000 1000000
1000000 1000000
1000000 1000000
1000000 1000000
1000000 1000000
1000000 1000000
1000000 1000000
1000000 1000000
1000000 1000000
1000000 1000000
1000000 1000000
1000000 1000000
1000000 1000000
1000000 1000000
1000000 1000000
1000000 1000000
1000000 1000000
1000000 1000000
1000000 1000000
1000000 1000000
1000000 1000000
1000000 1000000
1000000 1000000
1000000 1000000
1000000 1000000
1000000 1000000
1000000 1000000
1000000 1000000
1000000 1000000
1000000 1000000
1000000 1000000
1000000 1000000
1000000 1000000
1000000 1000000
1000000 1000000
1000000 1000000
1000
1000000 -1000000
1000000 1000000
-1000000 1000000
-1000000 1000000
1000000 1000000
1000000 -1000000
-1000000 1000000
-1000000 1000000
1000000 -1000000
1000000 1000000
-1000000 -1000000
-1000000 1000000
-1000000 -1000000
-1000000 1000000
-1000000 -1000000
-1000000 -1000000
1000000 -1000000
-1000000 -1000000
1000000 -1000000
-1000000 1000000
-1000000 -1000000
1000000 1000000
1000000 1000000
-1000000 1000000
1000000 -1000000
1000000 1000000
1000000 1000000
1000000 -1000000
1000000 -1000000
-1000000 -1000000
1000000 1000000
1000000 -1000000
1000000 1000000
1000000 -1000000
-1000000 -1000000
1000000 1000000
1000000 1000000
1000000 1000000
-1000000 1000000
1000000 1000000
1000000 -1000000
-1000000 -1000000
-1000000 -1000000
-1000000 1000000
-1000000 -1000000
-1000000 1000000
-1000000 -1000000
1000000 1000000
-1000000 1000000
1000000 1000000
-1000000 1000000
-1000000 1000000
-1000000 1000000
1000000 -1000000
1000000 1000000
1000000 -1000000
1000000 -1000000
-1000000 -1000000
-1000000 1000000
1000000 1000000
1000000 1000000
-1000000 -1000000
-1000000 -1000000
1000000 -1000000
1000000 -1000000
-1000000 -1000000
-1000000 1000000
-1000000 -1000000
-1000000 1000000
1000000 -1000000
1000000 -1000000
1000000 -1000000
-1000000 1000000
-1000000 1000000
1000000 -1000000
-1000000 1000000
1000000 -1000000
1000000 1000000
1000000 -1000000
-1000000 1000000
1000000 1000000
1000000 -1000000
1000000 -1000000
-1000000 1000000
-1000000 -1000000
-1000000 1000000
-1000000 -1000000
-1000000 1000000
1000000 -1000000
1000000 1000000
-1000000 1000000
-1000000 -1000000
1000000 1000000
-1000000 1000000
-1000000 1000000
-1000000 1000000
-1000000 1000000
1000000 1000000
-1000000 -1000000
-1000000 1000000
-1000000 -1000000
1000000 -1000000
1000000 1000000
1000000 -1000000
1000000 -1000000
-1000000 1000000
1000000 1000000
-1000000 -1000000
-1000000 1000000
1000000 -1000000
1000000 1000000
-1000000 -1000000
-1000000 1000000
1000000 -1000000
-1000000 -1000000
1000000 1000000
-1000000 1000000
-1000000 1000000
-1000000 1000000
-1000000 -1000000
1000000 -1000000
1000000 -1000000
-1000000 -1000000
-1000000 1000000
1000000 -1000000
-1000000 -1000000
1000000 1000000
-1000000 1000000
-1000000 1000000
-1000000 1000000
1000000 -1000000
1000000 -1000000
-1000000 -1000000
-1000000 -1000000
1000000 -1000000
-1000000 1000000
1000000 -1000000
1000000 1000000
1000000 -1000000
-1000000 -1000000
1000000 -1000000
-1000000 -1000000
-1000000 1000000
1000000 -1000000
-1000000 -1000000
1000000 1000000
-1000000 1000000
-1000000 1000000
-1000000 -1000000
-1000000 -1000000
1000000 1000000
-1000000 -1000000
-1000000 -1000000
-1000000 -1000000
1000000 1000000
-1000000 -1000000
-1000000 1000000
-1000000 1000000
1000000 -1000000
-1000000 1000000
-1000000 1000000
-1000000 1000000
-1000000 1000000
-1000000 1000000
-1000000 -1000000
-1000000 -1000000
-1000000 1000000
1000000 1000000
-1000000 1000000
-1000000 1000000
1000000 -1000000
-1000000 -1000000
-1000000 1000000
-1000000 -1000000
1000000 -1000000
1000000 1000000
1000000 -1000000
1000000 1000000
-1000000 1000000
-1000000 -1000000
1000000 -1000000
-1000000 -1000000
-1000000 1000000
-1000000 -1000000
1000000 -1000000
-1000000 1000000
-1000000 1000000
1000000 -1000000
1000000 1000000
-1000000 -1000000
-1000000 1000000
1000000 -1000000
-1000000 1000000
1000000 -1000000
-1000000 1000000
1000000 1000000
-1000000 1000000
1000000 1000000
1000000 -1000000
-1000000 1000000
-1000000 -1000000
1000000 1000000
-1000000 -1000000
-1000000 -1000000
-1000000 1000000
1000000 1000000
1000000 -1000000
1000000 -1000000
1000000 1000000
1000000 1000000
1000000 -1000000
-1000000 -1000000
-1000000 1000000
-1000000 -1000000
1000000 -1000000
-1000000 -1000000
1000000 1000000
-1000000 1000000
-1000000 -1000000
1000000 -1000000
-1000000 -1000000
-1000000 1000000
1000000 1000000
-1000000 -1000000
1000000 1000000
1000000 -1000000
-1000000 1000000
1000000 -1000000
-1000000 -1000000
1000000 -1000000
1000000 1000000
-1000000 1000000
-1000000 1000000
-1000000 -1000000
-1000000 -1000000
1000000 -1000000
1000000 1000000
-1000000 -1000000
1000000 1000000
1000000 -1000000
1000000 -1000000
-1000000 1000000
-1000000 1000000
-1000000 -1000000
-1000000 -1000000
1000000 1000000
-1000000 -1000000
1000000 -1000000
-1000000 -1000000
1000000 -1000000
-1000000 1000000
1000000 -1000000
-1000000 -1000000
1000000 1000000
-1000000 -1000000
-1000000 -1000000
-1000000 -1000000
1000000 1000000
1000000 -1000000
1000000 1000000
1000000 -1000000
-1000000 1000000
1000000 -1000000
1000000 -1000000
-1000000 1000000
1000000 1000000
-1000000 -1000000
1000000 -1000000
1000000 -1000000
1000000 1000000
-1000000 1000000
1000000 -1000000
1000000 1000000
1000000 1000000
-1000000 -1000000
1000000 1000000
1000000 1000000
1000000 1000000
-1000000 -1000000
1000000 1000000
-1000000 1000000
-1000000 1000000
-1000000 1000000
-1000000 1000000
1000000 -1000000
-1000000 1000000
1000000 1000000
-1000000 1000000
-1000000 1000000
-1000000 -1000000
1000000 1000000
-1000000 1000000
-1000000 1000000
-1000000 -1000000
1000000 -1000000
-1000000 1000000
1000000 1000000
-1000000 1000000
1000000 -1000000
-1000000 1000000
1000000 1000000
1000000 1000000
1000000 1000000
1000000 1000000
-1000000 -1000000
-1000000 1000000
1000000 1000000
-1000000 -1000000
1000000 -1000000
-1000000 -1000000
1000000 1000000
1000000 -1000000
-1000000 1000000
1000000 -1000000
-1000000 -1000000
-1000000 -1000000
-1000000 -1000000
-1000000 1000000
-1000000 1000000
-1000000 -1000000
-1000000 -1000000
1000000 1000000
-1000000 1000000
-1000000 -1000000
1000000 1000000
1000000 -1000000
1000000 -1000000
1000000 -1000000
1000000 -1000000
1000000 -1000000
-1000000 -1000000
1000000 -1000000
1000000 -1000000
-1000000 -1000000
-1000000 1000000
-1000000 -1000000
-1000000 -1000000
-1000000 -1000000
1000000 -1000000
-1000000 -1000000
1000000 -1000000
-1000000 1000000
-1000000 -1000000
-1000000 1000000
1000000 1000000
1000000 -1000000
-1000000 -1000000
-1000000 1000000
-1000000 -1000000
-1000000 1000000
-1000000 -1000000
1000000 1000000
-1000000 1000000
1000000 1000000
-1000000 -1000000
1000000 1000000
1000000 -1000000
1000000 -1000000
1000000 1000000
-1000000 1000000
-1000000 1000000
-1000000 -1000000
1000000 1000000
-1000000 -1000000
1000000 -1000000
1000000 1000000
1000000 -1000000
-1000000 1000000
1000000 -1000000
1000000 -1000000
1000000 1000000
-1000000 -1000000
-1000000 -1000000
1000000 -1000000
-1000000 -1000000
1000000 -1000000
1000000 -1000000
1000000 -1000000
-1000000 1000000
1000000 1000000
1000000 -1000000
1000000 1000000
1000000 1000000
-1000000 -1000000
1000000 1000000
1000000 -1000000
-1000000 1000000
1000000 1000000
1000000 -1000000
1000000 1000000
1000000 -1000000
1000000 1000000
1000000 1000000
-1000000 -1000000
1000000 1000000
1000000 -1000000
-1000000 1000000
-1000000 -1000000
-1000000 -1000000
1000000 1000000
1000000 1000000
1000000 -1000000
-1000000 1000000
1000000 1000000
1000000 -1000000
-1000000 1000000
-1000000 1000000
1000000 -1000000
1000000 1000000
-1000000 -1000000
1000000 1000000
1000000 1000000
1000000 1000000
1000000 1000000
-1000000 1000000
-1000000 -1000000
1000000 -1000000
1000000 1000000
-1000000 1000000
1000000 -1000000
-1000000 -1000000
-1000000 1000000
1000000 1000000
-1000000 1000000
-1000000 1000000
1000000 -1000000
-1000000 1000000
1000000 1000000
1000000 -1000000
-1000000 -1000000
-1000000 1000000
1000000 -1000000
-1000000 -1000000
-1000000 1000000
-1000000 1000000
1000000 -1000000
-1000000 -1000000
1000000 1000000
1000000 1000000
-1000000 -1000000
1000000 -1000000
-1000000 1000000
1000000 1000000
1000000 -1000000
1000000 1000000
1000000 -1000000
-1000000 1000000
1000000 1000000
-1000000 1000000
-1000000 1000000
1000000 1000000
-1000000 1000000
-1000000 1000000
-1000000 1000000
-1000000 1000000
1000000 1000000
1000000 -1000000
1000000 -1000000
1000000 1000000
-1000000 -1000000
-1000000 -1000000
-1000000 1000000
1000000 -1000000
-1000000 1000000
1000000 1000000
-1000000 1000000
1000000 -1000000
1000000 1000000
-1000000 -1000000
1000000 1000000
-1000000 1000000
-1000000 1000000
-1000000 -1000000
1000000 1000000
-1000000 -1000000
1000000 -1000000
-1000000 1000000
-1000000 1000000
1000000 1000000
1000000 1000000
-1000000 1000000
-1000000 -1000000
1000000 -1000000
1000000 1000000
1000000 -1000000
-1000000 -1000000
-1000000 1000000
1000000 1000000
1000000 1000000
1000000 -1000000
1000000 -1000000
1000000 1000000
1000000 1000000
-1000000 -1000000
-1000000 -1000000
1000000 -1000000
1000000 1000000
-1000000 1000000
-1000000 1000000
1000000 1000000
1000000 1000000
1000000 -1000000
1000000 -1000000
-1000000 1000000
1000000 -1000000
-1000000 -1000000
1000000 -1000000
1000000 -1000000
1000000 -1000000
-1000000 1000000
-1000000 1000000
-1000000 1000000
1000000 -1000000
-1000000 1000000
1000000 -1000000
-1000000 -1000000
1000000 1000000
1000000 1000000
-1000000 -1000000
-1000000 -1000000
1000000 1000000
-1000000 -1000000
-1000000 1000000
-1000000 1000000
-1000000 -1000000
1000000 1000000
1000000 1000000
1000000 1000000
-1000000 -1000000
1000000 1000000
1000000 -1000000
-1000000 1000000
1000000 -1000000
1000000 -1000000
-1000000 -1000000
-1000000 1000000
1000000 1000000
1000000 -1000000
-1000000 -1000000
-1000000 -1000000
-1000000 1000000
-1000000 1000000
-1000000 1000000
1000000 1000000
1000000 1000000
1000000 1000000
1000000 -1000000
-1000000 1000000
-1000000 -1000000
1000000 1000000
1000000 1000000
1000000 1000000
-1000000 -1000000
-1000000 -1000000
1000000 1000000
1000000 1000000
-1000000 1000000
1000000 1000000
-1000000 -1000000
1000000 -1000000
1000000 -1000000
-1000000 1000000
-1000000 1000000
-1000000 -1000000
-1000000 1000000
-1000000 -1000000
-1000000 -1000000
-1000000 -1000000
1000000 1000000
1000000 -1000000
-1000000 1000000
1000000 -1000000
1000000 1000000
1000000 1000000
1000000 -1000000
1000000 1000000
-1000000 1000000
-1000000 -1000000
-1000000 1000000
-1000000 1000000
-1000000 1000000
1000000 -1000000
1000000 1000000
-1000000 -1000000
-1000000 1000000
-1000000 -1000000
-1000000 1000000
1000000 -1000000
1000000 -1000000
1000000 1000000
1000000 1000000
1000000 -1000000
-1000000 1000000
-1000000 -1000000
-1000000 -1000000
-1000000 1000000
1000000 -1000000
1000000 1000000
1000000 -1000000
1000000 -1000000
-1000000 1000000
-1000000 -1000000
1000000 1000000
1000000 -1000000
-1000000 -1000000
-1000000 -1000000
-1000000 1000000
-1000000 1000000
-1000000 1000000
-1000000 -1000000
1000000 1000000
1000000 -1000000
1000000 -1000000
1000000 -1000000
1000000 1000000
-1000000 1000000
-1000000 -1000000
1000000 1000000
-1000000 1000000
-1000000 -1000000
-1000000 1000000
-1000000 1000000
-1000000 -1000000
1000000 -1000000
1000000 1000000
-1000000 1000000
-1000000 -1000000
1000000 -1000000
1000000 1000000
1000000 1000000
1000000 -1000000
1000000 1000000
1000000 1000000
1000000 -1000000
1000000 -1000000
1000000 1000000
1000000 1000000
-1000000 -1000000
1000000 1000000
-1000000 -1000000
-1000000 -1000000
1000000 -1000000
-1000000 -1000000
-1000000 1000000
1000000 -1000000
-1000000 -1000000
-1000000 1000000
1000000 -1000000
-1000000 1000000
-1000000 1000000
-1000000 -1000000
1000000 1000000
-1000000 1000000
1000000 1000000
1000000 -1000000
-1000000 -1000000
1000000 -1000000
-1000000 -1000000
-1000000 -1000000
-1000000 1000000
1000000 1000000
1000000 -1000000
-1000000 1000000
-1000000 -1000000
1000000 -1000000
1000000 1000000
-1000000 1000000
1000000 -1000000
-1000000 1000000
1000000 1000000
-1000000 -1000000
1000000 1000000
1000000 -1000000
1000000 1000000
-1000000 1000000
-1000000 1000000
1000000 1000000
1000000 1000000
-1000000 1000000
1000000 -1000000
1000000 -1000000
-1000000 1000000
-1000000 -1000000
-1000000 -1000000
1000000 -1000000
-1000000 -1000000
1000000 -1000000
1000000 1000000
1000000 -1000000
1000000 -1000000
-1000000 -1000000
1000000 1000000
-1000000 -1000000
-1000000 1000000
-1000000 -1000000
-1000000 1000000
-1000000 1000000
1000000 1000000
1000000 -1000000
-1000000 1000000
-1000000 -1000000
-1000000 1000000
-1000000 -1000000
-1000000 1000000
1000000 -1000000
-1000000 -1000000
-1000000 1000000
-1000000 1000000
1000000 1000000
-1000000 1000000
1000000 -1000000
-1000000 1000000
-1000000 1000000
-1000000 1000000
-1000000 -1000000
-1000000 -1000000
-1000000 -1000000
1000000 1000000
-1000000 1000000
1000000 -1000000
1000000 -1000000
-1000000 -1000000
-1000000 -1000000
-1000000 -1000000
-1000000 1000000
1000000 1000000
-1000000 -1000000
1000000 -1000000
-1000000 1000000
1000000 1000000
-1000000 1000000
1000000 -1000000
-1000000 1000000
1000000 1000000
-1000000 1000000
-1000000 -1000000
1000000 1000000
1000000 1000000
-1000000 -1000000
1000000 1000000
-1000000 -1000000
1000000 1000000
1000000 -1000000
1000000 -1000000
-1000000 1000000
1000000 -1000000
-1000000 -1000000
1000000 -1000000
1000000 1000000
1000000 -1000000
1000000 1000000
-1000000 -1000000
1000000 -1000000
1000000 1000000
1000000 1000000
1000000 1000000
-1000000 1000000
1000000 -1000000
1000000 -1000000
1000000 -1000000
-1000000 -1000000
1000000 -1000000
-1000000 1000000
-1000000 1000000
-1000000 -1000000
1000000 1000000
1000000 -1000000
1000000 -1000000
1000000 -1000000
-1000000 -1000000
1000000 -1000000
1000000 1000000
-1000000 1000000
-1000000 1000000
1000000 -1000000
1000000 1000000
-1000000 -1000000
-1000000 1000000
-1000000 -1000000
-1000000 1000000
-1000000 -1000000
1000000 -1000000
1000000 1000000
-1000000 -1000000
-1000000 1000000
-1000000 -1000000
-1000000 1000000
1000000 -1000000
-1000000 -1000000
-1000000 1000000
-1000000 -1000000
1000000 1000000
1000000 1000000
-1000000 -1000000
-1000000 1000000
-1000000 1000000
-1000000 1000000
-1000000 -1000000
1000000 1000000
-1000000 -1000000
1000000 -1000000
1000000 -1000000
-1000000 -1000000
-1000000 1000000
-1000000 1000000
-1000000 1000000
1000000 1000000
-1000000 -1000000
1000000 1000000
-1000000 1000000
-1000000 1000000
1000000 1000000
1000000 1000000
1000000 1000000
-1000000 -1000000
-1000000 -1000000
1000000 1000000
1000000 -1000000
1000000 1000000
1000000 -1000000
-1000000 -1000000
-1000000 1000000
-1000000 -1000000
-1000000 1000000
-1000000 -1000000
1000000 -1000000
-1000000 -1000000
1000000 -1000000
-1000000 -1000000
-1000000 1000000
1000000 -1000000
1000000 -1000000
-1000000 1000000
1000000 -1000000
1000000 1000000
-1000000 -1000000
-1000000 -1000000
-1000000 -1000000
-1000000 -1000000
-1000000 1000000
1000000 1000000
1000000 -1000000
1000000 1000000
1000000 1000000
-1000000 1000000
-1000000 1000000
-1000000 1000000
1000000 1000000
-1000000 1000000
1000000 1000000
-1000000 -1000000
1000000 -1000000
-1000000 1000000
-1000000 -1000000
-1000000 1000000
-1000000 1000000
1000000 -1000000
1000000 -1000000
1000000 1000000
-1000000 -1000000
-1000000 -1000000
1000000 1000000
-1000000 1000000
-1000000 1000000
-1000000 1000000
-1000000 1000000
-1000000 -1000000
1000000 -1000000
1000000 1000000
-1000000 1000000
-1000000 -1000000
1000000 -1000000
1000000 1000000
-1000000 -1000000
1000000 1000000
1000000 -1000000
-1000000 1000000
-1000000 -1000000
1000000 -1000000
-1000000 -1000000
-1000000 -1000000
-1000000 1000000
1000000 -1000000
-1000000 1000000
-1000000 1000000
-1000000 -1000000
-1000000 -1000000
1000000 1000000
-1000000 -1000000
-1000000 1000000
1000000 -1000000
1000000 -1000000
1000000 -1000000
-1000000 1000000
1000000 -1000000
1000000 -1000000
-1000000 1000000
1000000 -1000000
-1000000 -1000000
1000000 -1000000
-1000000 -1000000
1000000 -1000000
1000000 1000000
1000000 1000000
1000000 1000000
-1000000 1000000
-1000000 -1000000
1000000 1000000
1000000 1000000
1000000 1000000
-1000000 1000000
1000000 -1000000
1000000 1000000
1000000 -1000000
-1000000 1000000
-1000000 1000000
1000000 -1000000
-1000000 1000000
-1000000 -1000000
-1000000 1000000
-1000000 1000000
-1000000 -1000000
-1000000 -1000000
-1000000 -1000000
-1000000 -1000000
1000000 1000000
1000000 -1000000
-1000000 1000000
1000000 -1000000
-1000000 -1000000
1000000 1000000
1000000 1000000
1000000 -1000000
1000000 -1000000
-1000000 -1000000
-1000000 1000000
-1000000 -1000000
-1000000 1000000
1000000 1000000
-1000000 1000000
1000000 -1000000
-1000000 1000000
-1000000 -1000000
-1000000 1000000
-1000000 1000000
1000000 1000000
-1000000 -1000000
1000000 -1000000
1000000 -1000000
1000000 -1000000
-1000000 -1000000
-1000000 1000000
-1000000 1000000
1000000 -1000000
1000000 -1000000
1000000 -1000000
-1000000 -1000000
-1000000 1000000
-1000000 -1000000
-1000000 1000000
1000000 1000000
1000000 -1000000
1000000 -1000000
-1000000 1000000
-1000000 1000000
1000000 1000000
-1000000 -1000000
-1000000 -1000000
1000000 -1000000
-1000000 1000000
-1000000 -1000000
1000000 1000000
1000000 1000000
-1000000 1000000
-1000000 -1000000
-1000000 1000000
1000000 -1000000
1000000 -1000000
1000000 -1000000
-1000000 1000000
-1000000 -1000000
1000000 1000000
1000000 -1000000
1000000 -1000000
1000000 1000000
-1000000 -1000000
-1000000 1000000
-1000000 1000000
1000000 1000000
-1000000 1000000
1000000 1000000
-1000000 1000000
1000000 1000000
-1000000 1000000
1000000 1000000
-1000000 1000000
-1000000 1000000
1000000 -1000000
1000000 -1000000
-1000000 -1000000
1
0 0