781
913853 348912
-351663 -490832
-943288 41984
255267 677934
969278 966208
973163 289688
-521120 -961904
97643 -744699
-642299 -7051
654794 -80074
796358 3451
-115530 229121
716005 -636937
264326 766804
-44843 -830827
332975 -310927
521473 779137
-110582 869627
-816364 770058
-294077 228005
66167 128164
-335330 -70308
40146 501320
410127 -224934
947213 332748
403177 -267902
-148907 20352
132332 158886
-702081 -847851
-451060 253520
-650330 680662
-117092 -501612
-669061 -874018
-641833 -980992
959112 951887
-259445 208593
-181997 -729370
-750498 96251
837487 817690
-520119 29353
-296958 159902
392945 -976603
300237 524946
-706619 246149
691376 248559
396277 46942
864692 -526490
-713251 608780
651601 644602
639676 -438431
-489403 -428515
428549 -104662
903769 115595
637011 -718647
362260 219332
269766 -158516
-580965 -986870
-756232 288635
-216948 -345695
133375 -400347
-782450 -1961
582200 -444195
-601134 860638
547703 232908
771036 177180
-846317 143715
24046 -121828
42662 272548
169316 -529069
-153047 606689
50623 544284
-361727 506150
-706704 144953
-695648 -695392
-267733 -347916
-486703 612854
-389856 861718
-418638 619888
470361 844206
-434457 995624
-447083 -776070
-850250 839059
-854460 597651
154221 -249261
-210417 -359441
-315040 -5911
739405 -229986
-286073 267912
-361890 -383560
742974 -958918
433769 -729280
259798 12978
-968954 -3539
108972 -979888
-937869 874569
-366509 263093
604603 -855460
455961 -202530
-244129 -44165
279015 -874638
-124102 709998
565822 -811850
403281 -462729
-645298 723144
417030 -654010
-867618 -219222
112069 -613788
-818577 977636
-461730 813594
-600722 -770601
171783 719637
-111005 -794107
921074 -57681
84442 -303910
859245 -250878
125121 669129
49583 809617
-147759 -103979
957800 -765411
998626 306510
162392 -847232
749890 -837164
-943278 -335100
730937 -50940
236937 -97102
947039 463832
274077 970014
-693815 448583
-356849 -599320
-432985 585234
-841141 -501979
725007 -791980
235751 -705542
-571907 745683
691592 -198022
-923282 -400553
848421 -831166
961712 -332274
-509652 -757933
684088 -562315
-172593 646173
539600 -303178
-988500 318995
476974 -242573
197219 -485644
400505 -76334
-498960 -141439
520093 197654
-258004 898880
-484570 796361
562159 -706940
-710239 582742
676752 -105940
-791603 -939178
649404 -899452
666263 -937499
650072 107037
-915107 -304254
301485 -379880
-822461 -26449
528828 481874
-711740 -527437
-323343 -306954
703453 417498
888086 -836579
-312533 933141
962136 81757
-532760 622576
714840 464826
910720 -309978
962349 484086
75595 441830
583353 923652
96751 188863
169382 226630
-3195 553559
-203823 -46921
-91439 -530889
619081 182497
-543230 689215
338758 -253868
-203507 -534724
794724 443857
883344 738182
-554012 232471
-334346 793619
-743496 -650505
-931139 -367014
714124 -342239
-476700 -320719
-290500 -233936
283450 -739211
231954 -359472
703045 156042
393273 -552895
143752 -324442
-88472 727733
598143 -595252
-607726 268779
985784 -335920
48572 361018
-775632 472155
667734 -736974
598285 -332977
18124 -917844
330236 -242444
-308983 171859
-381150 859883
-582451 2964
-792438 -975574
-113111 -790167
496929 355277
-961905 -239336
-521819 747624
726018 -518735
-195625 -714320
-356625 -481414
-53714 -709654
582996 -293867
544980 918964
-511473 979676
-267981 -397887
116435 817349
-105316 -609023
476679 -384877
751559 -116084
-985811 -289418
55747 -981477
-520869 -766128
722863 485153
520207 732112
685863 424624
980277 84790
365616 141906
203577 -525351
415752 291708
-195638 -797920
-499774 -995495
218467 -536353
43736 296618
-455991 -958471
335763 -757979
157291 629524
-843909 -454836
-408244 -374215
-162398 -626719
231921 261972
-706487 4222
-104937 537325
-770367 195440
-120064 -496948
-163883 -623602
231002 -686521
9989 -114716
-5947 954570
-794465 595143
441016 -380088
368551 -68848
-704521 850225
-862274 -384107
675058 -212624
459244 -773511
-403401 257622
993078 -300801
-562576 -918163
506639 -535955
-360857 -709745
697571 -286232
648598 -206001
301714 -440780
515799 600624
332764 19147
427714 564465
-215811 -914288
584041 432668
275580 426656
777496 -28134
845962 -439164
-598468 289439
-551592 -284066
-868721 -483280
522951 674158
-996702 -996281
935083 -411141
-402049 -988028
-590272 -713027
420261 -523244
-941117 -676140
-966695 -838407
321463 -866457
-184842 -702005
510457 -476401
-362238 -643029
-945231 -722683
545726 -825088
219273 -805736
79624 901709
-549722 475107
935951 9252
-923589 -374261
-791487 475221
348448 194664
164973 376216
423735 334192
611723 22907
490851 -888965
-454941 -841043
-433869 -870111
579838 -290498
-677810 -227886
704210 926812
68036 154559
-991856 -523209
5296 -762305
478596 363825
-84454 325299
-686394 44337
331645 618552
-764925 -251688
272797 653077
-297886 161588
488758 -842968
-830089 348833
715738 30775
508250 460460
456043 -831895
866103 595577
-91748 82254
-187691 -756546
-1515 -727829
224264 -493656
-436538 877717
-839063 -561146
-481589 561844
-975315 489158
124814 -333090
-555894 -71512
-783079 367954
830654 512534
448631 -654975
-767151 -935062
715824 -700570
818216 -57229
-342031 -250865
-219766 56641
118319 -245760
-981153 -770113
-590720 783599
680309 791479
-689442 802870
989227 917924
-694401 -326502
-326873 529141
-349067 983113
799336 573676
728941 440270
-884087 -353072
843991 171245
-237548 -635895
416043 315687
952224 227541
296008 654991
-480723 -28422
-594607 888574
910226 -651068
575991 808191
821612 -577393
-675446 -440121
-841107 -546797
-64060 -77183
-755686 547911
476120 -37351
-647250 -325988
981395 -798399
-660805 135819
566258 -803277
-804569 -68632
4244 571823
400294 839220
390665 189128
148616 622982
-602865 563698
188605 803352
457836 408758
751383 -235449
-330709 -620222
713318 -448774
422470 -545749
-6778 369431
300199 803557
-75509 -796658
-131029 -436454
-23549 -359254
-714252 -434835
-408113 -67884
657315 -666865
169083 349081
-328008 -395249
-272480 508085
235111 775167
-306406 -871343
325517 -28705
176234 537745
178285 -317444
217990 869472
533115 -785259
-940143 128905
537895 -922074
-73753 856141
-348387 -723604
525955 -369824
32188 -857628
490773 536542
-766564 -930133
-796664 -336151
978117 930670
708698 422424
541796 -881205
-456547 -182477
792006 652325
-492080 980305
-66619 -643201
562826 180164
-387418 -70039
-93392 470349
711240 -366038
-163812 -576413
-779448 578165
-171801 -150639
-980746 -340514
-699267 -553534
731808 208196
-8459 775970
-423367 454603
205531 723655
272066 -118916
-413027 -169188
-641269 -808822
-653747 537515
-912118 831298
-765977 -251482
-871507 171207
-396555 536617
-787023 453337
-842727 544882
516095 409987
-686606 361859
-825854 25103
81297 283496
-274679 -975900
-647981 -682427
767085 -208099
-873548 -387663
-405476 -65465
837758 194148
204104 351645
644908 402054
68190 881974
425868 139645
-986447 -172973
16678 -448866
761211 533864
173171 964425
775586 -459348
-276676 493158
622376 -499746
782001 -640276
-148998 -33115
-927493 -48882
-705052 -451400
678167 226375
190856 -870506
-777364 -958681
-788224 -252371
878918 -530769
-162243 508099
87011 293792
105178 14322
379815 -69294
-659827 -204197
-669523 -893631
919392 296923
-505522 206244
-639873 -823364
429031 480092
633902 830549
368107 -741438
953473 220578
6605 -648961
789068 -841717
-595311 -680887
-474051 861564
335088 759219
121078 617077
-674933 284698
-88593 62045
886830 518640
-683629 483715
-651034 -494786
-966629 471288
319663 779061
-443272 716063
435052 565555
-169032 214941
118553 -218925
329862 547786
553912 175404
-469407 267554
183477 -938434
-606390 261215
-828517 714387
721866 639540
-654274 -127585
636870 167617
896399 -944208
338343 -576638
725631 -771550
71432 -896301
-57023 890113
-978444 -374409
973459 -322264
-448040 -991877
-721551 101298
364077 -360920
881793 -934497
405217 281154
547209 -224745
-480291 951000
188253 278860
-620441 755881
-74189 -61872
960570 -318112
117820 309831
-347199 630831
8742 138407
-836172 -616296
-21302 -302745
433894 537305
181757 164729
203675 556604
53673 -327041
930419 -330115
-817263 -91544
-311527 616264
999825 949899
895672 470610
213789 518759
-508751 -980655
-811395 559634
-198063 780805
575065 178529
176669 751197
213714 -143177
555079 709022
486465 929514
512565 122823
220451 351823
-391289 23775
916764 -92512
500113 -779591
55785 546698
-218296 412215
-798027 -145880
-440459 -314165
-818338 -762837
648165 -954836
-134945 417792
-284655 123838
-491376 50973
458928 561861
-713547 -440502
957692 458770
-938522 -913659
511097 389215
-320677 -577466
-847839 -242875
237725 109431
509459 -210757
38703 -389166
261682 -98881
-51507 609181
730187 921801
-928164 -983327
434037 -661331
-205021 -881372
892006 79776
554848 234813
80411 -419779
291115 994683
895728 -586127
-824738 596680
745206 245677
-766110 -563209
311577 349052
-51745 -282987
380404 -992852
156151 -914052
687969 -92868
-168102 419455
-26047 537214
422723 -598670
108389 -992281
-432804 -592321
26786 -389590
-295358 338837
600490 670500
697689 407497
230544 -240839
651229 -205999
-224694 -980667
649273 834459
-838370 275630
-685480 -10657
252152 -9030
-204175 913376
-673850 647020
785643 270348
-270259 236696
-361966 928094
-119524 -181566
154067 962959
805029 272584
732632 -726994
-441307 583736
-622302 -703711
176521 756830
874809 -567870
356501 -268775
-39213 -207727
928585 -537628
-111097 822832
609304 484527
674902 -997939
609501 931534
-113 477033
531681 660047
-160162 899112
370693 972224
-763392 -974600
682696 703720
826539 -481271
-337956 598416
699766 771481
264320 25191
588234 -504900
-840879 419276
-928010 -976240
73123 976376
-503163 -63609
-470296 148681
-603783 -235120
-22017 -303518
-48609 58369
-618901 -689694
453720 -675090
-245124 848097
-599970 269217
-27747 -791078
-355410 -982338
715072 -820615
-707389 -943035
487606 278053
-169812 -522532
-445479 215625
148079 -279529
674307 -557948
277853 -33361
-783025 -674466
464164 -671801
-792520 988690
-311083 981720
-666138 348396
456044 -715996
937754 870108
162894 696350
889136 -778171
-810055 -194572
126706 616138
-471046 164908
-363757 -317519
-290851 -864473
-608474 -362803
702072 -224695
126583 -389528
-746467 -703611
-659025 -524235
-590430 -19465
-962035 -596359
924445 -923401
541800 -600192
855899 -42163
-412649 53048
252250 -122444
-119537 689131
-377951 -232187
-820125 577903
903648 -409649
-605921 667803
-355663 74154
-799040 -156212
386854 -650600
-519987 939862
582379 -328075
-287204 211922
449862 873271
447721 47364
635497 -302270
794904 -297424
139106 -123438
938963 -623990
-39218 885899
438236 854341
119306 965897
118695 -769973
-82788 996643
-225808 -379547
-506499 -280608
345846 -32797
-574769 860717
956587 -882739
747686 278145
585516 872268
849470 627684
965508 810808
-96818 403885
-434702 -967525
398738 -418293
638596 -127407
-171335 -403893
-208650 -74170
-825056 -503649
378412 63845
-514378 469255
-695152 -338518
427637 446555
-210996 845723
463786 387161
202554 -205253
448433 -45091
892873 -681590
-81408 -973358
-440538 427953
9713 995097
-901428 215954
-573798 332485
-600575 -505527
733590 895930
-902686 -490821
-455294 -923664
-392150 -429579
-251865 573633
432925 308867
576942 8099
984000 -564509
-331441 745275
-495806 -467447
216134 -901713
351013 597292
-666024 -891920
874410 307771
-562274 462695
401674 -358591
-142551 870908
691601 -781360
987124 -236954
287746 561847
893952 -755690
-773756 -817925
-432565 -817979
507274 352455
-21728 27310
396438 -135732
-540850 -666787
-652786 301695
66634 -584754
-382466 290138
-531867 -708891
-85388 683674
-142093 420876
-338253 245739
-775060 250634
