211
46354 677751
238297 439670
-580192 -744585
637644 715503
230700 -139975
572767 118407
-712963 -65682
229296 746369
653017 23325
-151144 -385652
408382 706310
960257 87718
-558427 -12865
-120227 57358
14810 709697
227292 -752210
74457 -576688
-386668 237647
-367124 149915
983990 38673
-225122 982868
266312 941740
-350221 523847
845200 -78462
816813 -978887
-30706 -697870
50448 69032
-867205 538405
39021 -646976
618513 -338993
218811 446113
894479 229389
-315292 -278234
841672 -193471
535924 383988
-566510 -901848
-781215 -518655
-470016 153539
-242498 -204945
-110786 562433
-694131 332023
514366 530114
296685 383032
-528503 957415
311722 355880
838193 -81731
107417 812369
-303975 -199537
136352 -107924
-447081 603250
-94144 -135004
601346 -458680
-681388 386786
97663 -176252
-376292 -264570
586639 267913
252927 -972367
-265861 -729642
309670 -118927
392409 604610
795015 448739
401536 358795
461824 332257
-108731 -854055
361671 412449
-138245 -792421
-565967 145169
-451994 254762
523837 -611427
80782 -597051
-613169 -345314
-870782 680753
879001 -167604
-983876 -450257
380173 -701608
-478561 68884
348847 -351271
875889 -247246
-246546 804303
555780 413957
632855 3385
961935 -526204
328818 532448
573981 686143
-978345 432437
321114 411607
-197806 253225
291191 -226815
-455956 996980
-639318 -116153
70161 -564845
-571410 -25546
-888197 -513613
-81864 -22741
989398 613691
860245 230884
105298 -947195
636514 -837692
142929 458822
-322821 -944644
-201601 -585394
457033 656980
589168 511462
-871115 -389757
766176 815346
-579862 451777
726689 529438
386730 -862379
46262 289378
-205572 895413
-114696 -571899
-153090 588229
162013 -577644
-219832 -223919
359128 953833
-558734 -168486
-566549 786243
-333113 -164042
-118429 815016
581378 576731
-893174 -576580
688819 -48797
-762088 -926409
-468122 637580
-534206 659448
-367979 -936937
116370 -535515
102306 74122
755041 -715992
-748736 879769
-694432 -43373
-859842 -424684
-646177 -319802
-389266 184093
-130208 661041
222381 555415
452486 -443615
682983 -878058
-403232 565027
718937 -111330
681708 478155
398990 -397450
-285159 692059
-207075 45930
-55573 -917794
759455 159611
494024 529612
804828 460968
-12938 -530595
-513585 -576727
-218192 -793687
242503 -701787
-85582 -511176
459708 -526656
307597 820534
-803371 992650
-224841 -431259
51048 728511
-938450 -660048
-669289 -838572
425420 -305256
310737 -650555
-295506 183846
-743310 345158
393426 660090
125874 697579
625782 -338280
-932868 366221
410332 -471297
-434858 276493
-300791 -112699
-279067 707768
370082 -389268
-961837 -887174
-659048 156084
377501 -141148
-713208 869605
148150 -340579
-884470 528083
307095 -340818
622841 751813
-800694 750740
725112 -6976
-295343 -378545
-44473 77751
620233 -843292
192081 -644494
-892395 675360
-552011 -388395
-467580 840443
-151370 -400790
-707723 845879
-672875 -86027
-80326 -920090
-474625 -339765
648165 -746061
974749 -404251
-917444 -346798
-166039 -600367
-86773 -454754
734097 -769162
-851025 255451
482035 594197
-689727 984601
516725 13778
-348574 -289135
464831 732131
-624454 -328899
347485 -43210
732956 277046
124060 106981
